<header class="s-lib-main container s-lib-side-borders">
    <a href="http://www.clarkson.edu">
        <svg xmlns:dc="http://purl.org/dc/elements/1.1/" xmlns:cc="http://creativecommons.org/ns#" xmlns:rdf="http://www.w3.org/1999/02/22-rdf-syntax-ns#"
            xmlns:svg="http://www.w3.org/2000/svg" xmlns="http://www.w3.org/2000/svg" xmlns:xlink="http://www.w3.org/1999/xlink"
            xmlns:sodipodi="http://sodipodi.sourceforge.net/DTD/sodipodi-0.dtd" xmlns:inkscape="http://www.inkscape.org/namespaces/inkscape"
            class="top_clarklogo" id="svg3336" height="183.9" viewBox="0 0 286.5 183.89999" width="286.5" version="1.1" inkscape:version="0.91 r13725"
            sodipodi:docname="clarkson.svg">
            <defs id="defs4166">
                <linearGradient inkscape:collect="always" id="linearGradient4256">
                    <stop style="stop-color:#000000;stop-opacity:0.10384616" offset="0" id="stop4258" />
                    <stop style="stop-color:#000000;stop-opacity:0.58846152" offset="1" id="stop4260" />
                </linearGradient>
                <radialGradient inkscape:collect="always" xlink:href="#linearGradient4256" id="radialGradient4262" cx="154.62003" cy="115.43713"
                    fx="154.62003" fy="115.43713" r="143.2505" gradientTransform="matrix(2.1502759,0,0,1.2634909,-190.83475,-42.367464)"
                    gradientUnits="userSpaceOnUse" />
                <filter style="color-interpolation-filters:sRGB;" inkscape:label="Blur" id="filter4328">
                    <feGaussianBlur stdDeviation="2 2" result="blur" id="feGaussianBlur4330" />
                </filter>
            </defs>
            <sodipodi:namedview pagecolor="#ffffff" bordercolor="#666666" borderopacity="1" objecttolerance="10" gridtolerance="10" guidetolerance="10"
                inkscape:pageopacity="0" inkscape:pageshadow="2" inkscape:window-width="1916" inkscape:window-height="1036" id="namedview4164"
                showgrid="false" inkscape:zoom="1.7720861" inkscape:cx="13.632219" inkscape:cy="121.17117" inkscape:window-x="0"
                inkscape:window-y="20" inkscape:window-maximized="0" inkscape:current-layer="layer2" />
            <metadata id="metadata3342">
                <rdf:RDF>
                    <cc:Work rdf:about="">
                        <dc:format>image/svg+xml</dc:format>
                        <dc:type rdf:resource="http://purl.org/dc/dcmitype/StillImage" />
                        <dc:title></dc:title>
                    </cc:Work>
                </rdf:RDF>
            </metadata>
            <g inkscape:groupmode="layer" id="layer2" inkscape:label="Shadow">
                <path inkscape:connector-curvature="0" style="fill:url(#radialGradient4262);fill-opacity:1;filter:url(#filter4328)" id="path3346-1"
                    d="m 93.444466,183.77242 c -1.5536,-2.6876 -1.9151,-3.8618 -1.1886,-3.8608 0.12892,1.6e-4 0.62626,0.70891 1.1052,1.575 0.47893,0.86608 0.9046,1.6179 0.94593,1.6706 0.0413,0.0528 0.64739,-0.19602 1.3468,-0.55284 2.6793,-1.3669 5.778384,-4.9686 7.867184,-9.1431 0.86581,-1.7303 6.0672,-13.263 7.6106,-16.875 l 0.41666,-0.975 -2.214,0 -2.214,0 -2.469,6.825 c -1.358,3.7538 -2.5267,7.0131 -2.5971,7.2429 -0.0704,0.22987 -0.17778,0.36487 -0.23852,0.3 -0.0607,-0.0649 -0.2671,-3.0204 -0.45857,-6.5679 -0.19147,-3.5475 -0.41117,-6.7538 -0.48822,-7.125 -0.13022,-0.62755 -0.29824,-0.675 -2.390084,-0.675 -2.1783,0 -2.2452,0.0215 -2.0983,0.675 0.0834,0.37125 0.63022,4.185 1.2151,8.475 0.58487,4.29 1.141,8.2352 1.2359,8.767 l 0.17252,0.96702 -4.6043,0.083 -4.6043,0.083 -0.26001,1.425 -0.26002,1.425 -4.167504,0 c -4.0381,0 -4.1676,-0.0196 -4.1676,-0.6321 0,-0.44539 -0.13621,-0.57982 -0.46112,-0.45514 -3.3028,1.2674 -7.3886,1.5491 -9.9317,0.68477 -0.84853,-0.2884 -2.0231,-0.99082 -2.6101,-1.5609 -1.5642,-1.5191 -2.1911,-1.3977 -2.4486,0.47435 l -0.2078,1.511 -4.0954,-0.0257 c -2.2524,-0.0141 -4.5678,0.11925 -5.1453,0.29635 -1.1663,0.35768 -3.0302,0.15122 -4.2449,-0.4702 -0.43719,-0.22366 -1.2601,-0.9502 -1.8288,-1.6145 l -1.0339,-1.2079 -23.295999,0 -23.2959987,0 0,-53.4 0,-53.400006 134.8499857,0 134.85,0 0,53.100006 c 0,51.413 -0.0176,53.1 -0.5535,53.1 -0.30443,0 -0.81068,-0.28369 -1.125,-0.63043 -0.51516,-0.56828 -0.58629,-1.2855 -0.7215,-7.275 -0.14256,-6.315 -0.18492,-6.7007 -0.85396,-7.7768 -0.87718,-1.4109 -2.0173,-2.0177 -3.7908,-2.0177 -1.6842,0 -3.0135,0.53043 -4.4167,1.7625 -0.58729,0.51564 -1.1512,0.93753 -1.2532,0.93753 -0.10196,0 -0.18539,-0.6075 -0.18539,-1.35 0,-0.7425 -0.0747,-1.35 -0.16588,-1.35 -0.0912,0 -1.3737,0.36157 -2.85,0.80348 -2.6703,0.79935 -3.5911,1.5965 -1.8441,1.5965 0.462,0 1.002,0.162 1.2,0.36 0.45406,0.45406 0.5108,13.198 0.0625,14.035 -0.16363,0.30574 -0.70363,0.64509 -1.2,0.75411 -0.49638,0.10902 -0.9025,0.3225 -0.9025,0.47439 0,0.15189 -1.1138,0.27206 -2.475,0.26704 -1.9666,-0.007 -2.3517,-0.0769 -1.875,-0.33898 1.1918,-0.65519 2.9178,-2.5326 3.6791,-4.0019 1.0501,-2.0267 1.2907,-5.9323 0.51021,-8.2823 -0.72558,-2.1845 -3.025,-4.4822 -5.2126,-5.2089 -2.077,-0.68988 -5.3654,-0.51874 -7.0767,0.3683 -1.6402,0.85017 -3.2848,2.624 -4.1008,4.4228 -1.0065,2.2191 -0.95952,5.9761 0.10318,8.25 0.81119,1.7357 2.1909,3.3196 3.6976,4.245 l 0.9,0.55276 -2.475,10e-4 c -1.3612,6e-4 -2.475,-0.11886 -2.475,-0.26549 0,-0.14664 -0.45893,-0.35271 -1.0199,-0.45794 -1.8162,-0.34072 -1.8211,-0.36463 -1.9228,-9.3709 -0.051,-4.5125 -0.11845,-8.2037 -0.15,-8.2027 -0.0316,9e-4 -1.4005,0.45276 -3.042,1.0039 -3.0639,1.0287 -4.001,1.6714 -2.1164,1.4513 1.9224,-0.22443 1.951,-0.12038 1.951,7.1129 0,7.3869 -0.0805,7.6919 -2.1164,8.0174 -0.651,0.1041 -1.1836,0.30702 -1.1836,0.45093 0,0.14391 -0.3375,0.26166 -0.75,0.26166 -0.725,0 -0.71,-0.04 0.45,-1.2 0.66,-0.66 1.2,-1.335 1.2,-1.5 0,-0.47583 -0.5907,-0.35086 -1.4181,0.3 -0.41953,0.33 -1.0821,0.6 -1.4723,0.6 -0.39025,0 -0.97954,-0.27 -1.3095,-0.6 -0.56444,-0.56445 -0.6,-1 -0.6,-7.35 l 0,-6.75 1.95,0 c 1.88,0 1.95,-0.0269 1.95,-0.75 0,-0.72308 -0.07,-0.75 -1.95,-0.75 l -1.95,0 0,-2.55 c 0,-1.4025 -0.10896,-2.55 -0.24214,-2.55 -0.13318,0 -0.89055,0.88309 -1.683,1.9624 -0.7925,1.0793 -1.966,2.3844 -2.6079,2.9002 -1.5189,1.2206 -1.5134,1.7374 0.0184,1.7374 l 1.1853,0 0.0897,7.4764 c 0.0893,7.443 0.0929,7.4799 0.81696,8.25 l 0.72729,0.7736 -1.8523,0 c -1.0349,-8e-5 -1.8523,-0.13247 -1.8523,-0.30008 0,-0.165 -0.24908,-0.3 -0.5535,-0.3 -0.30443,0 -0.81068,-0.28379 -1.125,-0.63064 -0.51515,-0.56846 -0.58629,-1.2858 -0.7215,-7.275 -0.12736,-5.6413 -0.23145,-6.7936 -0.68957,-7.6326 -0.7573,-1.3871 -2.1565,-2.1593 -3.9151,-2.1606 -1.7048,-0.001 -2.9636,0.53619 -4.6638,1.9915 l -1.2316,1.0542 0,-1.5584 c 0,-1.341 -0.0733,-1.5376 -0.525,-1.4093 -3.694,1.0489 -5.175,1.6016 -5.175,1.931 0,0.22703 0.35088,0.3899 0.84,0.3899 1.516,0 1.56,0.20915 1.56,7.41 0,6.29 -0.0359,6.7259 -0.6,7.29 -0.33,0.33 -0.87,0.6 -1.2,0.6 -0.33,0 -0.6,0.135 -0.6,0.3 0,0.17812 -1.114,0.3 -2.7419,0.3 l -2.7419,0 1.1669,-0.77293 c 1.4874,-0.98524 2.6408,-2.3041 3.5734,-4.0862 0.47791,-0.91316 0.62592,-1.4781 0.42051,-1.605 -0.17434,-0.10774 -0.34645,-0.14863 -0.38247,-0.0909 -0.036,0.0578 -0.56567,0.73358 -1.177,1.5018 -3.0263,3.8031 -7.9029,3.3944 -10.065,-0.84339 -0.49172,-0.96384 -1.2527,-3.976 -1.2527,-4.9585 0,-0.13469 2.7858,-0.2449 6.1908,-0.2449 l 6.1908,0 -0.19475,-1.425 c -0.58021,-4.2455 -4.8377,-6.7426 -9.2448,-5.4222 -1.5858,0.47513 -3.5194,2.2358 -4.6022,4.1906 -0.83611,1.5095 -0.88989,1.8072 -0.88989,4.9264 0,3.0997 0.0598,3.4368 0.90312,5.0871 0.56366,1.1031 1.3899,2.1387 2.1983,2.7553 l 1.2952,0.98789 -5.7191,0 -5.7191,0 0.59528,-1.591 c 0.3274,-0.87506 1.8442,-4.6888 3.3708,-8.475 2.1578,-5.3519 2.9257,-6.9499 3.4505,-7.1801 1.247,-0.5471 0.69163,-0.75386 -2.025,-0.75386 -1.485,0 -2.7,0.0745 -2.7,0.16561 0,0.0911 0.405,0.30679 0.9,0.47934 1.3157,0.45868 1.1946,1.2357 -1.093,7.0124 -1.8514,4.6752 -2.0194,4.9816 -2.364,4.3127 -0.8274,-1.6057 -4.0453,-9.5592 -4.1165,-10.174 -0.0743,-0.64202 0.17768,-0.88922 1.4236,-1.3966 0.69862,-0.28453 -2.6064,-0.47715 -5.7881,-0.33734 l -2.0119,0.0884 1.0822,0.49179 c 1.2823,0.58273 1.2745,0.56787 5.3114,10.233 l 2.9759,7.125 -3.2597,0 c -1.9732,0 -3.2597,-0.11841 -3.2597,-0.3 0,-0.165 -0.24908,-0.3 -0.5535,-0.3 -0.30443,0 -0.81068,-0.28369 -1.125,-0.63043 -0.51512,-0.56823 -0.58636,-1.286 -0.72211,-7.275 -0.12777,-5.6372 -0.23232,-6.7944 -0.68956,-7.6328 -0.75277,-1.3803 -2.1568,-2.1593 -3.8945,-2.1606 -1.7415,-10e-4 -3.06,0.51736 -4.4768,1.7614 -0.58728,0.51564 -1.1512,0.93753 -1.2532,0.93753 -0.10196,0 -0.18539,-0.6075 -0.18539,-1.35 0,-0.7425 -0.0883,-1.35 -0.19631,-1.35 -0.10797,0 -1.3905,0.35838 -2.85,0.7964 -1.6286,0.48876 -2.6537,0.95231 -2.6537,1.2 0,0.24204 0.33625,0.4036 0.84,0.4036 0.462,0 1.002,0.162 1.2,0.36 0.45406,0.45406 0.5108,13.198 0.0625,14.035 -0.16363,0.30574 -0.70363,0.64509 -1.2,0.75411 -0.49638,0.10902 -0.9025,0.3225 -0.9025,0.47439 0,0.15189 -1.1138,0.27566 -2.475,0.27504 l -2.475,-0.001 0.91178,-0.55602 c 1.5662,-0.95513 3.3157,-3.2134 3.8805,-5.0091 0.39515,-1.2563 0.49546,-2.3383 0.39696,-4.2819 -0.15386,-3.0362 -0.76138,-4.4685 -2.5996,-6.1293 -2.0971,-1.8946 -2.8678,-2.1716 -6.0396,-2.1707 -3.3014,9e-4 -4.5592,0.49581 -6.3785,2.5095 -1.4028,1.5528 -1.871,2.4915 -2.3137,4.6396 -0.42061,2.0406 -0.0353,4.9913 0.88394,6.7693 0.57376,1.1097 2.6906,3.2968 3.7583,3.883 0.4534,0.24894 -0.79274,0.33138 -5.1,0.33743 -5.6562,0.008 -5.6931,0.004 -4.8,-0.54301 1.2114,-0.74167 2.9853,-2.7478 3.7431,-4.2332 0.81697,-1.6014 0.23463,-1.5876 -1.1476,0.0272 -2.7286,3.1877 -6.8892,3.0569 -8.9908,-0.28261 -1.3088,-2.0798 -1.6479,-3.4358 -1.4868,-5.9458 0.23575,-3.6735 2.2953,-6.1942 5.061,-6.1942 1.4913,0 2.2911,0.69863 2.7116,2.3685 0.17677,0.70201 0.56552,1.4973 0.8639,1.7673 0.79294,0.7176 2.1335,0.46275 2.6763,-0.50878 0.40403,-0.72309 0.39839,-0.91232 -0.0555,-1.8641 -0.27783,-0.58262 -1.0736,-1.4355 -1.7683,-1.8952 -1.1369,-0.75236 -1.5202,-0.83555 -3.835,-0.83231 -2.9571,0.004 -4.2341,0.51916 -6.0651,2.446 -1.9697,2.0728 -2.7022,4.0833 -2.6918,7.3877 0.0109,3.443 1.1494,5.8034 3.5741,7.4094 l 1.3638,0.90332 -7.0964,0 -7.0964,0 -0.79659,1.575 c -2.2941,4.5359 -5.894,8.3851 -9.164684,9.7992 -2.5419,1.099 -2.3256,1.2067 -4.2446,-2.1131 z m -38.154004,-9.5218 c 0.66,-0.3011 1.6725,-1.0359 2.25,-1.6329 l 1.05,-1.0855 -0.10691,1.5334 -0.10692,1.5334 0.96942,-0.19389 c 0.53317,-0.10663 1.342,-0.19388 1.7974,-0.19388 0.80826,0 0.83648,-0.059 1.1846,-2.475 0.19614,-1.3612 1.2917,-7.3648 2.4345,-13.341 1.1428,-5.9764 2.0779,-11.025 2.0779,-11.218 0,-0.25229 -0.55635,-0.30018 -1.9622,-0.16889 -1.0792,0.10078 -2.0669,0.24792 -2.1948,0.32698 -0.12792,0.0791 -0.55376,1.8936 -0.94631,4.0324 l -0.71372,3.8887 -1.5837,-0.16345 c -5.4604,-0.56357 -10.167,4.8235 -10.793,12.354 -0.46086,5.5409 2.5818,8.6569 6.6438,6.8038 z m -1.6591,-3.5644 c -0.58396,-0.73822 -0.63843,-1.0932 -0.51778,-3.375 0.27079,-5.1214 2.7342,-9.3014 5.4768,-9.2934 1.802,0.005 1.8324,0.13259 1.0836,4.5457 -0.86805,5.1162 -1.356,6.6167 -2.5703,7.9042 -1.262,1.3382 -2.5239,1.4176 -3.4724,0.21851 z m 33.121,3.3 c 0.0839,-0.28875 0.773754,-3.765 1.533104,-7.725 0.75936,-3.96 1.4514,-7.4362 1.538,-7.725 0.13016,-0.43438 0.51628,-0.525 2.2371,-0.525 1.5647,0 2.0798,-0.10217 2.0798,-0.4125 0,-0.22687 0.0844,-0.83437 0.1875,-1.35 l 0.1875,-0.9375 -1.9875,0 c -1.9564,0 -1.9875,-0.0126 -1.9875,-0.80528 0,-1.2475 1.1813,-3.392 2.216,-4.0229 0.51704,-0.31528 1.4859,-0.57006 2.1701,-0.57069 1.2098,-0.001 1.2441,-0.0299 1.6164,-1.3597 0.20921,-0.74723 0.29792,-1.4411 0.19712,-1.5419 -0.3903,-0.39031 -4.2921,-0.13929 -5.5268,0.35555 -2.367,0.94864 -4.221204,3.588 -5.001804,7.1199 -0.16912,0.76518 -0.2907,0.825 -1.6766,0.825 -1.3484,0 -1.4947,0.0659 -1.4984,0.675 -0.002,0.37125 -0.0855,0.97875 -0.185,1.35 -0.16847,0.62865 -0.0858,0.675 1.2041,0.675 0.76175,0 1.385,0.0871 1.385,0.19353 0,0.10644 -0.675,3.6908 -1.5,7.9653 -0.825,4.2745 -1.5,7.8999 -1.5,8.0565 0,0.15656 0.9359,0.28466 2.0798,0.28466 1.7227,0 2.106,-0.0901 2.2322,-0.525 z m -10.245,-0.26788 1.7566,-0.49289 -0.20039,-1.3821 c -0.11021,-0.76017 -0.22201,-1.4098 -0.24843,-1.4436 -0.0264,-0.0338 -0.58288,0.129 -1.2366,0.36183 -0.65369,0.23282 -1.9108,0.42924 -2.7935,0.43648 -1.4337,0.0118 -1.7139,-0.0957 -2.625,-1.0068 -0.85217,-0.85217 -1.02,-1.2381 -1.02,-2.3454 l 0,-1.3254 2.5701,-0.34388 c 4.7987,-0.64206 7.4313,-2.6499 7.8242,-5.9673 0.14739,-1.2445 0.0518,-1.8198 -0.48709,-2.9331 -0.9464,-1.955 -2.4383,-2.6864 -5.091,-2.496 -2.4248,0.17407 -3.9839,0.93644 -5.6816,2.7782 -3.7089,4.0236 -4.6966,11.808 -1.8982,14.959 1.4726,1.6583 5.5765,2.198 9.1308,1.2007 z m -5.9097,-10.982 c 1.1413,-3.8911 3.8855,-6.082 5.5424,-4.425 1.4495,1.4495 0.16362,3.8609 -2.477,4.6451 -0.84257,0.25021 -1.9215,0.45493 -2.3977,0.45493 -0.75649,0 -0.84077,-0.0852 -0.66778,-0.675 z m 162.459988,-11.88 c 1.3949,-1.1295 0.49362,-3.6468 -1.3057,-3.6468 -0.85839,0 -2.0111,1.1555 -2.0111,2.0159 0,0.85761 1.2469,2.1841 2.0531,2.1841 0.31922,0 0.88785,-0.24896 1.2636,-0.55325 z M 23.877663,104.73633 c 1.4148,-0.591 2.6415,-1.7527 3.467799,-3.2841 0.62985,-1.1673 0.6499,-1.545797 0.73478,-13.874996 l 0.0873,-12.675 -1.962299,0 -1.9623,0 0,12.17 c 0,8.372103 -0.10458,12.373999 -0.33512,12.824999 -1.262,2.467597 -4.2973,2.087197 -5.0529,-0.633363 -0.18697,-0.6732 -0.30932,-5.694503 -0.31033,-12.736006 l -0.002,-11.625 -1.9708,0 -1.9708,0 0.0958,12.375 0.0958,12.374999 0.84352,1.717797 c 1.5865,3.2307 5.1152,4.6721 8.2411,3.3663 z m 78.964987,0.1793 c 0,-0.15764 1.215,-6.928593 2.7,-15.046996 1.485,-8.118 2.7,-14.813 2.7,-14.877 0,-0.06444 -0.91125,-0.07724 -2.025,-0.02844 l -2.025,0.0887 -1.3901,9.75 c -0.76457,5.3625 -1.4066,9.682503 -1.4267,9.600003 -0.0458,-0.18754 -2.733184,-19.263003 -2.733184,-19.400003 0,-0.05512 -0.91696,-0.10021 -2.0377,-0.10021 l -2.0377,0 2.705,15.15 2.704997,15.149996 1.432587,0 c 0.78796,0 1.4327,-0.12897 1.4327,-0.28661 z m 82.35,-0.2804 c 2.3636,-1.0908 3.5455,-3.1963 3.5554,-6.332993 0.008,-2.5182 -0.58448,-4.2499 -3.3039,-9.658703 -2.5147,-5.0016 -3.1015,-6.4971 -3.1015,-7.9045 0,-1.4003 0.25311,-1.8972 1.2215,-2.3979 1.0738,-0.55526 2.1163,-0.55654 3.4382,-0.0042 l 1.0404,0.43469 0,-1.7921 c 0,-1.669 -0.0567,-1.8165 -0.825,-2.1469 -0.45375,-0.19511 -1.6483,-0.35824 -2.6546,-0.36251 -1.4877,-0.0063 -2.0554,0.14167 -3.038,0.79198 -1.8586,1.2299 -2.5627,2.6139 -2.721,5.348 -0.17248,2.9794 0.19696,4.1178 3.4707,10.695 2.0435,4.105603 2.5928,5.490203 2.7024,6.812003 0.12729,1.534896 0.0693,1.727296 -0.77541,2.571993 -1.1849,1.1849 -2.7395,1.2394 -4.3395,0.15218 l -1.1196,-0.76083 0,2.0858 0,2.0858 1.275,0.45132 c 1.749,0.6191 3.7426,0.59278 5.175,-0.0683 z m -136.279988,-8.957993 0.0793,-9.225003 3.3,9.220203 3.3,9.220193 1.575,0.005 1.575,0.005 0,-14.999996 0,-15 -1.7956,0 -1.7956,0 -0.0794,9.075 -0.0794,9.075003 -3.2675,-9.075003 -3.2675,-9.075 -1.6075,0 -1.6075,0 0,15 0,14.999996 1.7957,0 1.7957,0 0.0793,-9.224993 z m 30.829,-5.775003 0,-15 -1.95,0 -1.95,0 0,15 0,14.999996 1.95,0 1.95,0 0,-14.999996 z m 54.599988,13.199996 0,-1.8 -3.6,0 -3.6,0 0,-5.099993 0,-5.100003 3.15,0 3.15,0 0,-1.8 0,-1.8 -3.15,0 -3.15,0 0,-4.5 0,-4.5 3.45,0 3.45,0 0,-1.8 0,-1.8 -5.4,0 -5.4,0 0,15 0,14.999996 5.55,0 5.55,0 0,-1.8 z m 21,-4.949993 c 0,-6.600003 0.0137,-6.750003 0.61363,-6.750003 1.6033,0 2.7863,2.515103 4.3039,9.149996 l 0.96066,4.2 2.0356,0.0893 c 1.8408,0.0807 2.0202,0.0377 1.874,-0.45 -0.0889,-0.2966 -0.50098,-2.0307 -0.91576,-3.8536 -1.3718,-6.028593 -2.5045,-9.025196 -3.9628,-10.482996 -0.45363,-0.45363 -0.42253,-0.56158 0.41662,-1.4462 1.6094,-1.6966 2.0029,-2.7981 2.0027,-5.606 -2e-4,-3.8703 -1.272,-6.1602 -4.1787,-7.5238 -0.8983,-0.42143 -1.8977,-0.56463 -3.975,-0.56956 l -2.775,-0.0066 0,15 0,14.999996 1.8,0 1.8,0 0,-6.749993 z m 0.2,-10.550003 c -0.11,-0.11 -0.2,-2.2025 -0.2,-4.65 l 0,-4.45 0.70954,0 c 2.2586,0 3.5528,3.5699 2.5308,6.9809 -0.44899,1.4986 -2.3416,2.8178 -3.0403,2.1191 z m 52.6,2.3 0,-15 -1.95,0 -1.95,0 0,15 0,14.999996 1.95,0 1.95,0 0,-14.999996 z m 23.4,1.8 0,-13.2 2.4,0 2.4,0 0,-1.8 0,-1.8 -6.615,0 -6.615,0 0.09,1.725 0.09,1.725 2.325,0.08762 2.325,0.08762 0,13.187 0,13.186996 1.8,0 1.8,0 0,-13.199996 z m 26.1,6.419103 0,-6.780903 2.2642,-7.8441 c 1.2453,-4.3142 2.3211,-8.0128 2.3906,-8.2191 0.0928,-0.27539 -0.41034,-0.375 -1.8941,-0.375 l -2.0205,0 -1.0162,4.575 c -1.1829,5.326 -1.5227,6.6264 -1.6879,6.4612 -0.0661,-0.06605 -0.60181,-2.34 -1.1906,-5.0531 -0.58877,-2.7132 -1.1415,-5.1693 -1.2283,-5.458 -0.12899,-0.42924 -0.50976,-0.525 -2.0876,-0.525 -1.0614,0 -1.9298,0.07145 -1.9298,0.15877 0,0.08733 1.0125,3.6345 2.25,7.8826 l 2.25,7.7238 0,7.117403 0,7.117393 1.95,0 1.95,0 0,-6.780893 z m -99,76.081003 c 0,-0.165 -0.25505,-0.3 -0.56677,-0.3 -0.31171,0 -0.88546,-0.25793 -1.275,-0.57319 -0.69389,-0.56157 -0.71032,-0.69277 -0.81129,-6.4793 l -0.10306,-5.9061 0.85306,-0.89749 c 1.5562,-1.6373 3.4998,-2.1949 4.9482,-1.4198 1.2036,0.64413 1.4552,2.0043 1.4505,7.8412 -0.005,6.1142 -0.17046,6.812 -1.7249,7.2717 -0.53387,0.15787 -0.97067,0.39412 -0.97067,0.525 0,0.13088 -0.405,0.23796 -0.9,0.23796 -0.495,0 -0.9,-0.135 -0.9,-0.3 z m 48.9,0 c 0,-0.165 -0.25505,-0.3 -0.56677,-0.3 -0.31171,0 -0.85568,-0.23625 -1.2088,-0.525 -0.62412,-0.51034 -0.63971,-0.70048 -0.55824,-6.81 l 0.0838,-6.285 1.2983,-0.98996 c 2.0013,-1.526 4.056,-1.3188 4.9986,0.50403 0.35892,0.69406 0.45311,2.0982 0.45311,6.7547 0,5.8414 -0.005,5.8832 -0.73637,6.6149 -0.405,0.405 -0.945,0.73636 -1.2,0.73636 -0.255,0 -0.46363,0.135 -0.46363,0.3 0,0.165 -0.4725,0.3 -1.05,0.3 -0.5775,0 -1.05,-0.135 -1.05,-0.3 z m 54.3,0.062 c 0,-0.13088 -0.4368,-0.36713 -0.97067,-0.525 -1.5599,-0.46127 -1.72,-1.1482 -1.7249,-7.4004 -0.004,-5.4321 0.0174,-5.6342 0.67058,-6.2611 1.8131,-1.7401 3.8959,-2.2628 5.2466,-1.3167 1.0237,0.71701 1.2753,2.2874 1.2723,7.9412 -0.003,5.8598 -0.17634,6.5648 -1.7227,7.0083 -0.53415,0.1532 -0.97119,0.39401 -0.97119,0.53514 0,0.14113 -0.405,0.2566 -0.9,0.2566 -0.495,0 -0.9,-0.10708 -0.9,-0.23796 z m 17.7,-4.112 0,-4.35 -0.75,0 c -0.6,0 -0.75,-0.15 -0.75,-0.75 0,-0.73333 0.05,-0.75 2.25,-0.75 2.2,0 2.25,0.0167 2.25,0.75 0,0.6 -0.15,0.75 -0.75,0.75 l -0.75,0 0,4.35 0,4.35 -0.75,0 -0.75,0 0,-4.35 z m 3.9,-0.77086 c 0,-5.1182 3e-4,-5.1208 0.66574,-5.025 0.49186,0.0708 0.82432,0.50721 1.2729,1.6709 0.33395,0.86625 0.67656,1.575 0.76134,1.575 0.0848,0 0.42739,-0.70875 0.76134,-1.575 0.4486,-1.1636 0.78106,-1.6 1.2729,-1.6709 0.66539,-0.0958 0.66574,-0.0932 0.66574,5.025 l 0,5.1209 -0.75,0 -0.75,0 -0.0221,-3.225 -0.0221,-3.225 -0.48991,1.275 c -0.26947,0.70125 -0.56913,1.275 -0.66593,1.275 -0.0968,0 -0.39647,-0.57375 -0.66591,-1.275 l -0.48991,-1.275 -0.0221,3.225 -0.0221,3.225 -0.75,0 -0.75,0 0,-5.1209 z m -143.18,3.9689 c -1.2691,-0.83684 -2.1844,-2.2639 -2.9206,-4.5534 -0.91397,-2.8424 -0.7847,-7.3128 0.26522,-9.1716 1.25,-2.213 3.6985,-2.9428 5.7849,-1.7243 4.0058,2.3395 4.8496,12.557 1.2695,15.373 -1.0269,0.80778 -3.2318,0.84606 -4.399,0.0764 z m 103.05,-0.0872 c -2.0631,-1.3212 -3.3677,-4.8487 -3.3677,-9.1064 0,-2.3467 0.11128,-2.96 0.78098,-4.3039 1.19,-2.388 3.4852,-3.2074 5.7312,-2.046 3.8801,2.0065 5.0144,11.829 1.7438,15.1 -0.8564,0.8564 -1.1997,0.99518 -2.4509,0.99084 -0.95815,-0.003 -1.7904,-0.21987 -2.4373,-0.63411 z m -57.06,-11.73 c 0.008,-1.1172 1.283,-3.0382 2.3996,-3.6157 1.254,-0.64854 3.0541,-0.51659 3.9602,0.29029 0.75255,0.67012 1.4353,2.2117 1.4353,3.2408 l 0,0.75963 -3.9,0 c -3.8459,0 -3.8999,-0.009 -3.8951,-0.675 z M 19.791663,53.453174 c -4.421,-0.801 -9.264999,-3.837 -12.1929983,-7.642 -2.036,-2.646 -3.9953004,-6.991 -4.7109004,-10.448 -0.79727,-3.851 -0.63921,-9.371 0.3581,-12.507 C 6.3101647,13.220173 14.879863,5.8881736 23.672863,5.3781736 c 3.511999,-0.20378 6.053599,0.29425 10.434999,2.0447 4.9856,1.9919004 5.666,1.9601004 6.2474,-0.29175 0.32959,-1.2766 1.048,-1.7985 1.7142,-1.2456 0.41375,0.34338 0.47515,1.5301 0.47515,9.1830994 0,4.8338 -0.0819,9.002301 -0.1821,9.263301 -0.20497,0.53414 -1.18,0.64029 -1.4764,0.16072 -0.10667,-0.1726 -0.43506,-1.4888 -0.72975,-2.925001 -1.3159,-6.4128 -5.3391,-11.6419997 -10.444,-13.5739994 -2.4126,-0.91313 -6.042999,-1.1099 -8.332999,-0.4516 -4.9016,1.4090004 -8.6628,5.8997994 -10.314,12.3139994 -1.4743987,5.728801 -1.4774987,13.865001 -0.007,19.500001 2.4197,9.2749 8.8306,14.021 16.683999,12.351 4.013,-0.85345 7.0678,-2.7685 9.465,-5.9336 1.6319,-2.1546 2.5352,-4.1817 3.3577,-7.5349 0.56464,-2.3018 0.78147,-2.782 1.2562,-2.782 0.55052,0 0.57703,0.36441 0.65335,8.9804 0.0456,5.1457 -0.0376,9.0976 -0.1948,9.2548 -0.52141,0.52141 -1.419,-0.09302 -2.0584,-1.4091 -0.83332,-1.7152 -1.746,-1.9479 -4.1643,-1.0619 -7.1907,2.6346 -11.090999,3.1698 -16.264999,2.2325 z m 54.168999,-0.57793 c -3.6368,-1.2974 -5.3006,-4.3597 -4.5133,-8.3063 0.13348,-0.66911 0.76938,-1.5797 1.875,-2.6849 1.8675,-1.8668 6.1623,-4.1231 12.848,-6.7499 l 3.675004,-1.4439 0,-4.6056 c 0,-4.4899 -0.0185,-4.6241 -0.73636,-5.3419 -0.607874,-0.60787 -1.031804,-0.73636 -2.429704,-0.73636 -3.2258,0 -4.4698,1.1045 -6.4424,5.7196 -1.3105,3.0662 -2.0473,4.0471 -3.507,4.669 -3.5203,1.5 -5.6397,-1.64 -3.3947,-5.0294 1.6392,-2.4747 6.8163,-5.6437 10.948,-6.701501 2.1117,-0.54063 5.774804,-0.59783 7.385304,-0.11533 1.5675,0.469641 3.2436,1.921701 3.9088,3.386301 0.50819,1.1189 0.55522,2.1826 0.56125,12.696 0.006,11.26 0.0184,11.487 0.63784,12.106 0.85493,0.85492 2.1012,0.5803 3.6286,-0.7996 1.173797,-1.0605 1.736594,-1.1925 1.979294,-0.4644 0.19494,0.58484 -2.804894,3.2978 -4.539794,4.1055 -3.3709,1.5695 -6.5611,0.36464 -7.5058,-2.8348 l -0.36204,-1.2262 -1.490804,1.0696 c -4.4006,3.1573 -9.2919,4.4411 -12.525,3.2875 z m 9.0588,-3.1795 c 1.0582,-0.50062 2.577,-1.3895 3.375,-1.9753 l 1.450904,-1.0651 0,-5.5244 c 0,-3.0384 -0.0777,-5.5244 -0.17261,-5.5244 -0.750434,0 -6.835604,2.71 -8.317804,3.7043 -2.5598,1.7172 -3.348,3.1803 -3.3377,6.1957 0.0165,4.8227 2.5099,6.3145 7.0022,4.1893 z m 92.234988,3.2719 c -1.0126,-0.14563 -2.6326,-0.50564 -3.6,-0.80003 l -1.759,-0.53525 -0.082,-5.516 c -0.083,-5.5865 0.0876,-6.6235 0.93712,-5.6971 0.22048,0.24043 0.76398,1.4581 1.2078,2.7059 1.4286,4.0166 4.1867,7.2477 7.0072,8.2087 2.0655,0.70379 4.7679,0.61108 6.2238,-0.21352 1.5581,-0.88246 2.5447,-2.6243 2.5512,-4.5038 0.01,-2.8605 -1.2831,-4.0365 -7.3634,-6.6973 -2.0522,-0.89806 -4.2376,-1.9218 -4.8565,-2.275 -3.6411,-2.0781 -5.2821,-4.4821 -5.2821,-7.7378 0,-3.4087 1.9112,-6.1111 5.476,-7.7431 2.988,-1.368001 8.7849,-1.247701 13.456,0.27913 l 1.875,0.61289 0,4.7578 c 0,5.9281 -0.34908,6.403 -1.7967,2.4443 -0.94206,-2.5762 -2.7154,-5.2387 -4.2107,-6.3219 -3.511,-2.543401 -8.3962,-1.5585 -9.3219,1.8793 -0.84828,3.1503 0.61176,4.8644 6.6224,7.7747 6.9962,3.3875 8.8133,4.6896 10.12,7.2521 0.6564,1.2868 0.73916,1.7678 0.61945,3.6 -0.29092,4.453 -3.1281,7.3378 -8.2937,8.4327 -2.1844,0.46301 -6.6552,0.50675 -9.5304,0.09324 z m 35.908,0.0117 c -2.5696,-0.50387 -5.6436,-2.2372 -7.7995,-4.3978 -5.8911,-5.904 -6.3763,-14.933 -1.1563,-21.517 3.0309,-3.8228 7.3384,-5.858201 12.397,-5.858201 8.353,0 15.147,6.507201 15.661,15.000001 0.19602,3.2375 -0.25158,5.3947 -1.7338,8.3561 -3.162,6.3174 -10.339,9.7952 -17.369,8.4167 z m 6.0689,-1.9474 c 1.735,-0.59119 3.684,-2.4887 4.5968,-4.4755 2.1919,-4.7707 2.4563,-11.635 0.65993,-17.132 -1.3389,-4.0972 -4.25,-6.424 -8.0213,-6.4114 -5.8019,0.01939 -9.0392,5.0007 -9.0616,13.943 -0.0202,8.0295 2.3328,12.869 6.9385,14.27 1.2766,0.38834 3.429,0.3028 4.8877,-0.19423 z m -168.089988,1.723 c -0.49512,-0.16512 -0.33815,-1.2093 0.22515,-1.4977 0.28875,-0.14785 1.0506,-0.34976 1.693,-0.44867 0.64241,-0.09892 1.4862,-0.47873 1.875,-0.84403 l 0.70698,-0.66418 0,-20.021 0,-20.021 -0.91275,-0.76803 c -0.57738,-0.4858304 -1.4573,-0.8402604 -2.3948,-0.9646204 -2.3843,-0.31629 -2.7902,-1.422 -0.65697,-1.7894 1.9426,-0.33462 5.6069,-1.2973 7.8993,-2.0753 1.2184,-0.41348 2.2489,-0.7527203 2.2902,-0.7538703 0.0412,-0.0011 0.075,10.1949997 0.075,22.6580007 0,25.625 -0.10068,24.453 2.1518,25.041 2.6827,0.7005 2.7977,0.75733 2.8941,1.4301 0.0527,0.36793 -0.0148,0.67964 -0.15,0.69268 -0.85889,0.08286 -15.453,0.1073 -15.696,0.02628 z m 54.268988,-0.23698 c -0.49633,-0.59815 0.06,-1.292 1.1847,-1.4776 0.60282,-0.09947 1.4727,-0.32425 1.933,-0.49951 1.7173,-0.65384 1.713,-0.62346 1.713,-12.176 l 0,-10.606 -0.85123,-0.85123 c -0.58105,-0.58105 -1.2999,-0.91851 -2.2649,-1.0632 -1.51,-0.22644 -2.5206,-0.92273 -2.0387,-1.4046 0.15609,-0.1561 1.751,-0.59602 3.5443,-0.97761 1.7933,-0.38159 4.2628,-1.0456 5.4878,-1.4755 1.225,-0.429921 2.2713,-0.781681 2.325,-0.781681 0.0537,0 0.10077,1.923801 0.10451,4.275001 l 0.007,4.275 0.97058,-1.8 c 1.5177,-2.8147 2.9166,-4.594 4.3672,-5.5548 1.5704,-1.040201 2.8131,-1.323001 4.9226,-1.120301 2.1508,0.20666 3.226,1.390801 3.226,3.552901 0,1.2782 -0.13871,1.6571 -0.87692,2.3953 -1.1637,1.1637 -3.198,1.2124 -4.9731,0.1191 -3.4928,-2.1513 -6.3552,0.82965 -7.3531,7.6578 -0.37808,2.5869 -0.37718,13.25 0.001,14.245 0.31431,0.8267 1.8583,1.655 3.0849,1.655 1.0886,0 1.9365,0.75128 1.5537,1.3767 -0.28142,0.45975 -1.1003,0.51494 -8.0506,0.54257 -5.3927,0.02145 -7.822,-0.07135 -8.0169,-0.30622 z m 27.387,0.0054 c -0.81782,-0.59794 -0.16427,-1.2534 1.6189,-1.6236 1.0398,-0.21585 1.9906,-0.63314 2.4191,-1.0616 l 0.70595,-0.706 0,-19.837 0,-19.8370007 -0.85123,-0.8512293 c -0.5675,-0.5675104 -1.3009,-0.9186604 -2.2004,-1.0535004 -3.154,-0.47297 -2.722,-1.3501 1.0997,-2.2333 1.595,-0.36856 4.062,-1.0629 5.4822,-1.543 1.4202,-0.48007 2.6244,-0.8728503 2.676,-0.8728503 0.0515,0 0.0937,7.7621997 0.0937,17.2489997 l 0,17.249001 3.375,-2.6188 c 6.0367,-4.6841 8.3486,-7.5235 7.8763,-9.6738 -0.25867,-1.1777 -0.81459,-1.5672 -2.8041,-1.9645 -1.3563,-0.27082 -1.6972,-0.45464 -1.6972,-0.91518 0,-0.550421 0.32821,-0.579901 7.3127,-0.656711 7.2436,-0.07966 8.3482,0.04756 8.0548,0.927691 -0.0563,0.16897 -0.94402,0.47889 -1.9726,0.68872 -2.2852,0.46614 -3.6809,1.4523 -7.4789,5.2844 l -2.784,2.809 5.3713,9.2735 c 2.9542,5.1004 5.6648,9.4684 6.0235,9.7066 0.35871,0.23817 1.3544,0.59057 2.2127,0.78311 1.2391,0.27797 1.5802,0.4847 1.6564,1.0038 0.056,0.38161 -0.0689,0.6642 -0.3,0.67892 -0.46416,0.02958 -15.589,0.02484 -15.921,-0.005 -0.12375,-0.01113 -0.225,-0.29312 -0.225,-0.62666 0,-0.66437 0.71766,-1.0527 2.4714,-1.3374 1.2633,-0.20504 1.8772,-1.0126 1.5529,-2.0425 -0.22248,-0.70659 -6.8833,-12.793 -7.2552,-13.165 -0.12105,-0.12105 -1.4075,0.68463 -2.8588,1.7904 l -2.6387,2.0105 0.0892,5.0522 c 0.10311,5.8395 0.1236,5.8822 3.1177,6.5038 1.6689,0.34647 2.2973,0.9383 1.6663,1.5693 -0.46505,0.46505 -15.257,0.50523 -15.889,0.04315 z m 104.34,0.23162 c -0.49512,-0.16512 -0.33815,-1.2093 0.22515,-1.4977 0.28875,-0.14785 1.0506,-0.34976 1.693,-0.44867 0.64241,-0.09892 1.4862,-0.47873 1.875,-0.84403 l 0.70698,-0.66418 0,-10.831 c 0,-9.2567 -0.067,-10.927 -0.46098,-11.489 -0.4189,-0.59806 -1.0292,-0.84138 -3.514,-1.401 -0.5472,-0.12324 -0.825,-0.37875 -0.825,-0.75881 0,-0.45838 0.34509,-0.64066 1.725,-0.91114 1.4546,-0.28513 7.4257,-2.0206 8.9044,-2.588001 0.37707,-0.14469 0.46273,0.31182 0.53479,2.850201 l 0.0858,3.0225 2.5116,-1.7963 c 1.3814,-0.98794 3.516,-2.2926 4.7435,-2.8993 1.9038,-0.940901 2.6045,-1.122601 4.7675,-1.236101 3.0189,-0.15845 4.7415,0.25476 6.2518,1.499601 2.1599,1.7803 2.1088,1.4493 2.2756,14.745 l 0.15,11.952 0.68437,0.55377 c 0.37641,0.30457 1.4312,0.70882 2.3441,0.89833 1.6716,0.34703 2.2493,0.88764 1.6807,1.5729 -0.40528,0.48842 -15.528,0.47253 -16.017,-0.01683 -0.64762,-0.64762 0.0283,-1.2259 1.8521,-1.5848 3.14,-0.61778 3.0059,-0.06 3.0059,-12.497 0,-8.9741 -0.0726,-10.792 -0.46358,-11.616 -0.6751,-1.4227 -1.6494,-1.8159 -4.4603,-1.8003 -2.9058,0.01616 -4.9433,0.82503 -7.7098,3.0609 l -1.764,1.4256 -0.001,9.3846 c -10e-4,10.93 0.0513,11.218 2.1506,11.766 2.6827,0.7005 2.7977,0.75733 2.8941,1.4301 0.0527,0.36793 -0.0148,0.67964 -0.15,0.69268 -0.85888,0.08286 -15.453,0.1073 -15.696,0.02628 z"
                />
            </g>
            <g inkscape:groupmode="layer" id="layer1" inkscape:label="Content" style="display:inline" sodipodi:insensitive="true">
                <path style="fill:#004f42" id="path3346" d="m 91.914,181.13 c -1.5536,-2.6876 -1.9151,-3.8618 -1.1886,-3.8608 0.12892,1.6e-4 0.62626,0.70891 1.1052,1.575 0.47893,0.86608 0.9046,1.6179 0.94593,1.6706 0.0413,0.0528 0.64739,-0.19602 1.3468,-0.55284 2.6793,-1.3669 5.7784,-4.9686 7.8672,-9.1431 0.86581,-1.7303 6.0672,-13.263 7.6106,-16.875 l 0.41666,-0.975 -2.214,0 -2.214,0 -2.469,6.825 c -1.358,3.7538 -2.5267,7.0131 -2.5971,7.2429 -0.0704,0.22987 -0.17778,0.36487 -0.23852,0.3 -0.0607,-0.0649 -0.2671,-3.0204 -0.45857,-6.5679 -0.19147,-3.5475 -0.41117,-6.7538 -0.48822,-7.125 -0.13023,-0.62755 -0.29825,-0.675 -2.3901,-0.675 -2.1783,0 -2.2452,0.0215 -2.0983,0.675 0.0834,0.37125 0.63022,4.185 1.2151,8.475 0.58487,4.29 1.141,8.2352 1.2359,8.767 l 0.17252,0.96702 -4.6043,0.083 -4.6043,0.083 -0.26001,1.425 -0.26002,1.425 -4.1675,0 c -4.0381,0 -4.1676,-0.0196 -4.1676,-0.6321 0,-0.44539 -0.13621,-0.57982 -0.46112,-0.45514 -3.3028,1.2674 -7.3886,1.5491 -9.9317,0.68477 -0.84853,-0.2884 -2.0231,-0.99082 -2.6101,-1.5609 -1.5642,-1.5191 -2.1911,-1.3977 -2.4486,0.47435 l -0.2078,1.511 -4.0954,-0.0257 c -2.2524,-0.0141 -4.5678,0.11925 -5.1453,0.29635 -1.1663,0.35768 -3.0302,0.15122 -4.2449,-0.4702 -0.43719,-0.22366 -1.2601,-0.9502 -1.8288,-1.6145 l -1.0339,-1.2079 -23.296,0 -23.296,0 0,-53.4 0,-53.4 134.85,0 134.85,0 0,53.1 c 0,51.413 -0.0176,53.1 -0.5535,53.1 -0.30443,0 -0.81068,-0.28369 -1.125,-0.63043 -0.51516,-0.56828 -0.58629,-1.2855 -0.7215,-7.275 -0.14256,-6.315 -0.18492,-6.7007 -0.85396,-7.7768 -0.87718,-1.4109 -2.0173,-2.0177 -3.7908,-2.0177 -1.6842,0 -3.0135,0.53043 -4.4167,1.7625 -0.58729,0.51564 -1.1512,0.93753 -1.2532,0.93753 -0.10196,0 -0.18539,-0.6075 -0.18539,-1.35 0,-0.7425 -0.0747,-1.35 -0.16588,-1.35 -0.0912,0 -1.3737,0.36157 -2.85,0.80348 -2.6703,0.79935 -3.5911,1.5965 -1.8441,1.5965 0.462,0 1.002,0.162 1.2,0.36 0.45406,0.45406 0.5108,13.198 0.0625,14.035 -0.16363,0.30574 -0.70363,0.64509 -1.2,0.75411 -0.49638,0.10902 -0.9025,0.3225 -0.9025,0.47439 0,0.15189 -1.1138,0.27206 -2.475,0.26704 -1.9666,-0.007 -2.3517,-0.0769 -1.875,-0.33898 1.1918,-0.65519 2.9178,-2.5326 3.6791,-4.0019 1.0501,-2.0267 1.2907,-5.9323 0.51021,-8.2823 -0.72558,-2.1845 -3.025,-4.4822 -5.2126,-5.2089 -2.077,-0.68988 -5.3654,-0.51874 -7.0767,0.3683 -1.6402,0.85017 -3.2848,2.624 -4.1008,4.4228 -1.0065,2.2191 -0.95952,5.9761 0.10318,8.25 0.81119,1.7357 2.1909,3.3196 3.6976,4.245 l 0.9,0.55276 -2.475,0.001 c -1.3612,6e-4 -2.475,-0.11886 -2.475,-0.26549 0,-0.14664 -0.45893,-0.35271 -1.0199,-0.45794 -1.8162,-0.34072 -1.8211,-0.36463 -1.9228,-9.3709 -0.051,-4.5125 -0.11845,-8.2037 -0.15,-8.2027 -0.0316,9e-4 -1.4005,0.45276 -3.042,1.0039 -3.0639,1.0287 -4.001,1.6714 -2.1164,1.4513 1.9224,-0.22443 1.951,-0.12038 1.951,7.1129 0,7.3869 -0.0805,7.6919 -2.1164,8.0174 -0.651,0.1041 -1.1836,0.30702 -1.1836,0.45093 0,0.14391 -0.3375,0.26166 -0.75,0.26166 -0.725,0 -0.71,-0.04 0.45,-1.2 0.66,-0.66 1.2,-1.335 1.2,-1.5 0,-0.47583 -0.5907,-0.35086 -1.4181,0.3 -0.41953,0.33 -1.0821,0.6 -1.4723,0.6 -0.39025,0 -0.97954,-0.27 -1.3095,-0.6 -0.56444,-0.56445 -0.6,-1 -0.6,-7.35 l 0,-6.75 1.95,0 c 1.88,0 1.95,-0.0269 1.95,-0.75 0,-0.72308 -0.07,-0.75 -1.95,-0.75 l -1.95,0 0,-2.55 c 0,-1.4025 -0.10896,-2.55 -0.24214,-2.55 -0.13318,0 -0.89055,0.88309 -1.683,1.9624 -0.7925,1.0793 -1.966,2.3844 -2.6079,2.9002 -1.5189,1.2206 -1.5134,1.7374 0.0184,1.7374 l 1.1853,0 0.0897,7.4764 c 0.0893,7.443 0.0929,7.4799 0.81696,8.25 l 0.72729,0.7736 -1.8523,0 c -1.0349,-8e-5 -1.8523,-0.13247 -1.8523,-0.30008 0,-0.165 -0.24908,-0.3 -0.5535,-0.3 -0.30443,0 -0.81068,-0.28379 -1.125,-0.63064 -0.51515,-0.56846 -0.58629,-1.2858 -0.7215,-7.275 -0.12736,-5.6413 -0.23145,-6.7936 -0.68957,-7.6326 -0.7573,-1.3871 -2.1565,-2.1593 -3.9151,-2.1606 -1.7048,-10e-4 -2.9636,0.53619 -4.6638,1.9915 l -1.2316,1.0542 0,-1.5584 c 0,-1.341 -0.0733,-1.5376 -0.525,-1.4093 -3.694,1.0489 -5.175,1.6016 -5.175,1.931 0,0.22703 0.35088,0.3899 0.84,0.3899 1.516,0 1.56,0.20915 1.56,7.41 0,6.29 -0.0359,6.7259 -0.6,7.29 -0.33,0.33 -0.87,0.6 -1.2,0.6 -0.33,0 -0.6,0.135 -0.6,0.3 0,0.17812 -1.114,0.3 -2.7419,0.3 l -2.7419,0 1.1669,-0.77293 c 1.4874,-0.98524 2.6408,-2.3041 3.5734,-4.0862 0.47791,-0.91316 0.62592,-1.4781 0.42051,-1.605 -0.17434,-0.10774 -0.34645,-0.14863 -0.38247,-0.0909 -0.036,0.0578 -0.56567,0.73358 -1.177,1.5018 -3.0263,3.8031 -7.9029,3.3944 -10.065,-0.84339 -0.49172,-0.96384 -1.2527,-3.976 -1.2527,-4.9585 0,-0.13469 2.7858,-0.2449 6.1908,-0.2449 l 6.1908,0 -0.19475,-1.425 c -0.58021,-4.2455 -4.8377,-6.7426 -9.2448,-5.4222 -1.5858,0.47513 -3.5194,2.2358 -4.6022,4.1906 -0.83611,1.5095 -0.88989,1.8072 -0.88989,4.9264 0,3.0997 0.0598,3.4368 0.90312,5.0871 0.56366,1.1031 1.3899,2.1387 2.1983,2.7553 l 1.2952,0.98789 -5.7191,0 -5.7191,0 0.59528,-1.591 c 0.3274,-0.87506 1.8442,-4.6888 3.3708,-8.475 2.1578,-5.3519 2.9257,-6.9499 3.4505,-7.1801 1.247,-0.5471 0.69163,-0.75386 -2.025,-0.75386 -1.485,0 -2.7,0.0745 -2.7,0.16561 0,0.0911 0.405,0.30679 0.9,0.47934 1.3157,0.45868 1.1946,1.2357 -1.093,7.0124 -1.8514,4.6752 -2.0194,4.9816 -2.364,4.3127 -0.8274,-1.6057 -4.0453,-9.5592 -4.1165,-10.174 -0.0743,-0.64202 0.17768,-0.88922 1.4236,-1.3966 0.69862,-0.28453 -2.6064,-0.47715 -5.7881,-0.33734 l -2.0119,0.0884 1.0822,0.49179 c 1.2823,0.58273 1.2745,0.56787 5.3114,10.233 l 2.9759,7.125 -3.2597,0 c -1.9732,0 -3.2597,-0.11841 -3.2597,-0.3 0,-0.165 -0.24908,-0.3 -0.5535,-0.3 -0.30443,0 -0.81068,-0.28369 -1.125,-0.63043 -0.51512,-0.56823 -0.58636,-1.286 -0.72211,-7.275 -0.12777,-5.6372 -0.23232,-6.7944 -0.68956,-7.6328 -0.75277,-1.3803 -2.1568,-2.1593 -3.8945,-2.1606 -1.7415,-0.001 -3.06,0.51736 -4.4768,1.7614 -0.58728,0.51564 -1.1512,0.93753 -1.2532,0.93753 -0.10196,0 -0.18539,-0.6075 -0.18539,-1.35 0,-0.7425 -0.0883,-1.35 -0.19631,-1.35 -0.10797,0 -1.3905,0.35838 -2.85,0.7964 -1.6286,0.48876 -2.6537,0.95231 -2.6537,1.2 0,0.24204 0.33625,0.4036 0.84,0.4036 0.462,0 1.002,0.162 1.2,0.36 0.45406,0.45406 0.5108,13.198 0.0625,14.035 -0.16363,0.30574 -0.70363,0.64509 -1.2,0.75411 -0.49638,0.10902 -0.9025,0.3225 -0.9025,0.47439 0,0.15189 -1.1138,0.27566 -2.475,0.27504 l -2.475,-0.001 0.91178,-0.55602 c 1.5662,-0.95513 3.3157,-3.2134 3.8805,-5.0091 0.39515,-1.2563 0.49546,-2.3383 0.39696,-4.2819 -0.15386,-3.0362 -0.76138,-4.4685 -2.5996,-6.1293 -2.0971,-1.8946 -2.8678,-2.1716 -6.0396,-2.1707 -3.3014,9e-4 -4.5592,0.49581 -6.3785,2.5095 -1.4028,1.5528 -1.871,2.4915 -2.3137,4.6396 -0.42061,2.0406 -0.0353,4.9913 0.88394,6.7693 0.57376,1.1097 2.6906,3.2968 3.7583,3.883 0.4534,0.24894 -0.79274,0.33138 -5.1,0.33743 -5.6562,0.008 -5.6931,0.004 -4.8,-0.54301 1.2114,-0.74167 2.9853,-2.7478 3.7431,-4.2332 0.81697,-1.6014 0.23463,-1.5876 -1.1476,0.0272 -2.7286,3.1877 -6.8892,3.0569 -8.9908,-0.28261 -1.3088,-2.0798 -1.6479,-3.4358 -1.4868,-5.9458 0.23575,-3.6735 2.2953,-6.1942 5.061,-6.1942 1.4913,0 2.2911,0.69863 2.7116,2.3685 0.17677,0.70201 0.56552,1.4973 0.8639,1.7673 0.79294,0.7176 2.1335,0.46275 2.6763,-0.50878 0.40403,-0.72309 0.39839,-0.91232 -0.0555,-1.8641 -0.27783,-0.58262 -1.0736,-1.4355 -1.7683,-1.8952 -1.1369,-0.75236 -1.5202,-0.83555 -3.835,-0.83231 -2.9571,0.004 -4.2341,0.51916 -6.0651,2.446 -1.9697,2.0728 -2.7022,4.0833 -2.6918,7.3877 0.0109,3.443 1.1494,5.8034 3.5741,7.4094 l 1.3638,0.90332 -7.0964,0 -7.0964,0 -0.79659,1.575 c -2.2941,4.5359 -5.894,8.3851 -9.1647,9.7992 -2.5419,1.099 -2.3256,1.2067 -4.2446,-2.1131 z M 53.76,171.6082 c 0.66,-0.3011 1.6725,-1.0359 2.25,-1.6329 l 1.05,-1.0855 -0.10691,1.5334 -0.10692,1.5334 0.96942,-0.19389 c 0.53317,-0.10663 1.342,-0.19388 1.7974,-0.19388 0.80826,0 0.83648,-0.059 1.1846,-2.475 0.19614,-1.3612 1.2917,-7.3648 2.4345,-13.341 1.1428,-5.9764 2.0779,-11.025 2.0779,-11.218 0,-0.25229 -0.55635,-0.30018 -1.9622,-0.16889 -1.0792,0.10078 -2.0669,0.24792 -2.1948,0.32698 -0.12792,0.0791 -0.55376,1.8936 -0.94631,4.0324 l -0.71372,3.8887 -1.5837,-0.16345 c -5.4604,-0.56357 -10.167,4.8235 -10.793,12.354 -0.46086,5.5409 2.5818,8.6569 6.6438,6.8038 z m -1.6591,-3.5644 c -0.58396,-0.73822 -0.63843,-1.0932 -0.51778,-3.375 0.27079,-5.1214 2.7342,-9.3014 5.4768,-9.2934 1.802,0.005 1.8324,0.13259 1.0836,4.5457 -0.86805,5.1162 -1.356,6.6167 -2.5703,7.9042 -1.262,1.3382 -2.5239,1.4176 -3.4724,0.21851 z m 33.121,3.3 c 0.0839,-0.28875 0.77375,-3.765 1.5331,-7.725 0.75936,-3.96 1.4514,-7.4362 1.538,-7.725 0.13016,-0.43438 0.51628,-0.525 2.2371,-0.525 1.5647,0 2.0798,-0.10217 2.0798,-0.4125 0,-0.22687 0.0844,-0.83437 0.1875,-1.35 l 0.1875,-0.9375 -1.9875,0 c -1.9564,0 -1.9875,-0.0126 -1.9875,-0.80528 0,-1.2475 1.1813,-3.392 2.216,-4.0229 0.51704,-0.31528 1.4859,-0.57006 2.1701,-0.57069 1.2098,-10e-4 1.2441,-0.0299 1.6164,-1.3597 0.20921,-0.74723 0.29792,-1.4411 0.19712,-1.5419 -0.3903,-0.39031 -4.2921,-0.13929 -5.5268,0.35555 -2.367,0.94864 -4.2212,3.588 -5.0018,7.1199 -0.16912,0.76518 -0.2907,0.825 -1.6766,0.825 -1.3484,0 -1.4947,0.0659 -1.4984,0.675 -0.002,0.37125 -0.0855,0.97875 -0.185,1.35 -0.16847,0.62865 -0.0858,0.675 1.2041,0.675 0.76175,0 1.385,0.0871 1.385,0.19353 0,0.10644 -0.675,3.6908 -1.5,7.9653 -0.825,4.2745 -1.5,7.8999 -1.5,8.0565 0,0.15656 0.9359,0.28466 2.0798,0.28466 1.7227,0 2.106,-0.0901 2.2322,-0.525 z m -10.245,-0.26788 1.7566,-0.49289 -0.20039,-1.3821 c -0.11021,-0.76017 -0.22201,-1.4098 -0.24843,-1.4436 -0.0264,-0.0338 -0.58288,0.129 -1.2366,0.36183 -0.65369,0.23282 -1.9108,0.42924 -2.7935,0.43648 -1.4337,0.0118 -1.7139,-0.0957 -2.625,-1.0068 -0.85217,-0.85217 -1.02,-1.2381 -1.02,-2.3454 l 0,-1.3254 2.5701,-0.34388 c 4.7987,-0.64206 7.4313,-2.6499 7.8242,-5.9673 0.14739,-1.2445 0.0518,-1.8198 -0.48709,-2.9331 -0.9464,-1.955 -2.4383,-2.6864 -5.091,-2.496 -2.4248,0.17407 -3.9839,0.93644 -5.6816,2.7782 -3.7089,4.0236 -4.6966,11.808 -1.8982,14.959 1.4726,1.6583 5.5765,2.198 9.1308,1.2007 z m -5.9097,-10.982 c 1.1413,-3.8911 3.8855,-6.082 5.5424,-4.425 1.4495,1.4495 0.16362,3.8609 -2.477,4.6451 -0.84257,0.25021 -1.9215,0.45493 -2.3977,0.45493 -0.75649,0 -0.84077,-0.0852 -0.66778,-0.675 z m 162.46,-11.88 c 1.3949,-1.1295 0.49362,-3.6468 -1.3057,-3.6468 -0.85839,0 -2.0111,1.1555 -2.0111,2.0159 0,0.85761 1.2469,2.1841 2.0531,2.1841 0.31922,0 0.88785,-0.24896 1.2636,-0.55325 z m -209.18,-46.12 c 1.4148,-0.591 2.6415,-1.7527 3.4678,-3.2841 0.62985,-1.1673 0.6499,-1.5458 0.73478,-13.875 l 0.0873,-12.675 -1.9623,0 -1.9623,0 0,12.17 c 0,8.3721 -0.10458,12.374 -0.33512,12.825 -1.262,2.4676 -4.2973,2.0872 -5.0529,-0.63337 -0.18697,-0.6732 -0.30932,-5.6945 -0.31033,-12.736 l -0.002,-11.625 -1.9708,0 -1.9708,0 0.0958,12.375 0.0958,12.375 0.84352,1.7178 c 1.5865,3.2307 5.1152,4.6721 8.2411,3.3663 z m 78.965,0.1793 c 0,-0.15764 1.215,-6.9286 2.7,-15.047 1.485,-8.118 2.7,-14.813 2.7,-14.877 0,-0.06444 -0.91125,-0.07724 -2.025,-0.02844 l -2.025,0.0887 -1.3901,9.75 c -0.76457,5.3625 -1.4066,9.6825 -1.4267,9.6 -0.0458,-0.18754 -2.7332,-19.263 -2.7332,-19.4 0,-0.05512 -0.91696,-0.10021 -2.0377,-0.10021 l -2.0377,0 2.705,15.15 2.705,15.15 1.4326,0 c 0.78796,0 1.4327,-0.12897 1.4327,-0.28661 z m 82.35,-0.2804 c 2.3636,-1.0908 3.5455,-3.1963 3.5554,-6.333 0.008,-2.5182 -0.58448,-4.2499 -3.3039,-9.6587 -2.5147,-5.0016 -3.1015,-6.4971 -3.1015,-7.9045 0,-1.4003 0.25311,-1.8972 1.2215,-2.3979 1.0738,-0.55526 2.1163,-0.55654 3.4382,-0.0042 l 1.0404,0.43469 0,-1.7921 c 0,-1.669 -0.0567,-1.8165 -0.825,-2.1469 -0.45375,-0.19511 -1.6483,-0.35824 -2.6546,-0.36251 -1.4877,-0.0063 -2.0554,0.14167 -3.038,0.79198 -1.8586,1.2299 -2.5627,2.6139 -2.721,5.348 -0.17248,2.9794 0.19696,4.1178 3.4707,10.695 2.0435,4.1056 2.5928,5.4902 2.7024,6.812 0.12729,1.5349 0.0693,1.7273 -0.77541,2.572 -1.1849,1.1849 -2.7395,1.2394 -4.3395,0.15218 l -1.1196,-0.76083 0,2.0858 0,2.0858 1.275,0.45132 c 1.749,0.6191 3.7426,0.59278 5.175,-0.0683 z m -136.28,-8.958 0.0793,-9.225 3.3,9.2202 3.3,9.2202 1.575,0.005 1.575,0.005 0,-15 0,-15 -1.7956,0 -1.7956,0 -0.0794,9.075 -0.0794,9.075 -3.2675,-9.075 -3.2675,-9.075 -1.6075,0 -1.6075,0 0,15 0,15 1.7957,0 1.7957,0 0.0793,-9.225 z m 30.829,-5.775 0,-15 -1.95,0 -1.95,0 0,15 0,15 1.95,0 1.95,0 0,-15 z m 54.6,13.2 0,-1.8 -3.6,0 -3.6,0 0,-5.1 0,-5.1 3.15,0 3.15,0 0,-1.8 0,-1.8 -3.15,0 -3.15,0 0,-4.5 0,-4.5 3.45,0 3.45,0 0,-1.8 0,-1.8 -5.4,0 -5.4,0 0,15 0,15 5.55,0 5.55,0 0,-1.8 z m 21,-4.95 c 0,-6.6 0.0137,-6.75 0.61363,-6.75 1.6033,0 2.7863,2.5151 4.3039,9.15 l 0.96066,4.2 2.0356,0.0893 c 1.8408,0.0807 2.0202,0.0377 1.874,-0.45 -0.0889,-0.2966 -0.50098,-2.0307 -0.91576,-3.8536 -1.3718,-6.0286 -2.5045,-9.0252 -3.9628,-10.483 -0.45363,-0.45363 -0.42253,-0.56158 0.41662,-1.4462 1.6094,-1.6966 2.0029,-2.7981 2.0027,-5.606 -2e-4,-3.8703 -1.272,-6.1602 -4.1787,-7.5238 -0.8983,-0.42143 -1.8977,-0.56463 -3.975,-0.56956 l -2.775,-0.0066 0,15 0,15 1.8,0 1.8,0 0,-6.75 z m 0.2,-10.55 c -0.11,-0.11 -0.2,-2.2025 -0.2,-4.65 l 0,-4.45 0.70954,0 c 2.2586,0 3.5528,3.5699 2.5308,6.9809 -0.44899,1.4986 -2.3416,2.8178 -3.0403,2.1191 z m 52.6,2.3 0,-15 -1.95,0 -1.95,0 0,15 0,15 1.95,0 1.95,0 0,-15 z m 23.4,1.8 0,-13.2 2.4,0 2.4,0 0,-1.8 0,-1.8 -6.615,0 -6.615,0 0.09,1.725 0.09,1.725 2.325,0.08762 2.325,0.08762 0,13.187 0,13.187 1.8,0 1.8,0 0,-13.2 z m 26.1,6.4191 0,-6.7809 2.2642,-7.8441 c 1.2453,-4.3142 2.3211,-8.0128 2.3906,-8.2191 0.0928,-0.27539 -0.41034,-0.375 -1.8941,-0.375 l -2.0205,0 -1.0162,4.575 c -1.1829,5.326 -1.5227,6.6264 -1.6879,6.4612 -0.0661,-0.06605 -0.60181,-2.34 -1.1906,-5.0531 -0.58877,-2.7132 -1.1415,-5.1693 -1.2283,-5.458 -0.12899,-0.42924 -0.50976,-0.525 -2.0876,-0.525 -1.0614,0 -1.9298,0.07145 -1.9298,0.15877 0,0.08733 1.0125,3.6345 2.25,7.8826 l 2.25,7.7238 0,7.1174 0,7.1174 1.95,0 1.95,0 0,-6.7809 z m -99,76.081 c 0,-0.165 -0.25505,-0.3 -0.56677,-0.3 -0.31171,0 -0.88546,-0.25793 -1.275,-0.57319 -0.69389,-0.56157 -0.71032,-0.69277 -0.81129,-6.4793 l -0.10306,-5.9061 0.85306,-0.89749 c 1.5562,-1.6373 3.4998,-2.1949 4.9482,-1.4198 1.2036,0.64413 1.4552,2.0043 1.4505,7.8412 -0.005,6.1142 -0.17046,6.812 -1.7249,7.2717 -0.53387,0.15787 -0.97067,0.39412 -0.97067,0.525 0,0.13088 -0.405,0.23796 -0.9,0.23796 -0.495,0 -0.9,-0.135 -0.9,-0.3 z m 48.9,0 c 0,-0.165 -0.25505,-0.3 -0.56677,-0.3 -0.31171,0 -0.85568,-0.23625 -1.2088,-0.525 -0.62412,-0.51034 -0.63971,-0.70048 -0.55824,-6.81 l 0.0838,-6.285 1.2983,-0.98996 c 2.0013,-1.526 4.056,-1.3188 4.9986,0.50403 0.35892,0.69406 0.45311,2.0982 0.45311,6.7547 0,5.8414 -0.005,5.8832 -0.73637,6.6149 -0.405,0.405 -0.945,0.73636 -1.2,0.73636 -0.255,0 -0.46363,0.135 -0.46363,0.3 0,0.165 -0.4725,0.3 -1.05,0.3 -0.5775,0 -1.05,-0.135 -1.05,-0.3 z m 54.3,0.062 c 0,-0.13088 -0.4368,-0.36713 -0.97067,-0.525 -1.5599,-0.46127 -1.72,-1.1482 -1.7249,-7.4004 -0.004,-5.4321 0.0174,-5.6342 0.67058,-6.2611 1.8131,-1.7401 3.8959,-2.2628 5.2466,-1.3167 1.0237,0.71701 1.2753,2.2874 1.2723,7.9412 -0.003,5.8598 -0.17634,6.5648 -1.7227,7.0083 -0.53415,0.1532 -0.97119,0.39401 -0.97119,0.53514 0,0.14113 -0.405,0.2566 -0.9,0.2566 -0.495,0 -0.9,-0.10708 -0.9,-0.23796 z m 17.7,-4.112 0,-4.35 -0.75,0 c -0.6,0 -0.75,-0.15 -0.75,-0.75 0,-0.73333 0.05,-0.75 2.25,-0.75 2.2,0 2.25,0.0167 2.25,0.75 0,0.6 -0.15,0.75 -0.75,0.75 l -0.75,0 0,4.35 0,4.35 -0.75,0 -0.75,0 0,-4.35 z m 3.9,-0.77086 c 0,-5.1182 3e-4,-5.1208 0.66574,-5.025 0.49186,0.0708 0.82432,0.50721 1.2729,1.6709 0.33395,0.86625 0.67656,1.575 0.76134,1.575 0.0848,0 0.42739,-0.70875 0.76134,-1.575 0.4486,-1.1636 0.78106,-1.6 1.2729,-1.6709 0.66539,-0.0958 0.66574,-0.0932 0.66574,5.025 l 0,5.1209 -0.75,0 -0.75,0 -0.0221,-3.225 -0.0221,-3.225 -0.48991,1.275 c -0.26947,0.70125 -0.56913,1.275 -0.66593,1.275 -0.0968,0 -0.39647,-0.57375 -0.66591,-1.275 l -0.48991,-1.275 -0.0221,3.225 -0.0221,3.225 -0.75,0 -0.75,0 0,-5.1209 z m -143.18,3.9689 c -1.2691,-0.83684 -2.1844,-2.2639 -2.9206,-4.5534 -0.91397,-2.8424 -0.7847,-7.3128 0.26522,-9.1716 1.25,-2.213 3.6985,-2.9428 5.7849,-1.7243 4.0058,2.3395 4.8496,12.557 1.2695,15.373 -1.0269,0.80778 -3.2318,0.84606 -4.399,0.0764 z m 103.05,-0.0872 c -2.0631,-1.3212 -3.3677,-4.8487 -3.3677,-9.1064 0,-2.3467 0.11128,-2.96 0.78098,-4.3039 1.19,-2.388 3.4852,-3.2074 5.7312,-2.046 3.8801,2.0065 5.0144,11.829 1.7438,15.1 -0.8564,0.8564 -1.1997,0.99518 -2.4509,0.99084 -0.95815,-0.003 -1.7904,-0.21987 -2.4373,-0.63411 z m -57.06,-11.73 c 0.008,-1.1172 1.283,-3.0382 2.3996,-3.6157 1.254,-0.64854 3.0541,-0.51659 3.9602,0.29029 0.75255,0.67012 1.4353,2.2117 1.4353,3.2408 l 0,0.75963 -3.9,0 c -3.8459,0 -3.8999,-0.009 -3.8951,-0.675 z m -166.46,-108.08 c -4.421,-0.801 -9.265,-3.837 -12.193,-7.642 -2.036,-2.646 -3.9953,-6.991 -4.7109,-10.448 -0.79727,-3.851 -0.63921,-9.371 0.3581,-12.507 3.0643,-9.636 11.634,-16.968 20.427,-17.478 3.512,-0.20378 6.0536,0.29425 10.435,2.0447 4.9856,1.9919 5.666,1.9601 6.2474,-0.29175 0.32959,-1.2766 1.048,-1.7985 1.7142,-1.2456 0.41375,0.34338 0.47515,1.5301 0.47515,9.1831 0,4.8338 -0.0819,9.0023 -0.1821,9.2633 -0.20497,0.53414 -1.18,0.64029 -1.4764,0.16072 -0.10667,-0.1726 -0.43506,-1.4888 -0.72975,-2.925 -1.3159,-6.4128 -5.3391,-11.642 -10.444,-13.574 -2.4126,-0.91313 -6.043,-1.1099 -8.333,-0.4516 -4.9016,1.409 -8.6628,5.8998 -10.314,12.314 -1.4744,5.7288 -1.4775,13.865 -0.007,19.5 2.4197,9.2749 8.8306,14.021 16.684,12.351 4.013,-0.85345 7.0678,-2.7685 9.465,-5.9336 1.6319,-2.1546 2.5352,-4.1817 3.3577,-7.5349 0.56464,-2.3018 0.78147,-2.782 1.2562,-2.782 0.55052,0 0.57703,0.36441 0.65335,8.9804 0.0456,5.1457 -0.0376,9.0976 -0.1948,9.2548 -0.52141,0.52141 -1.419,-0.09302 -2.0584,-1.4091 -0.83332,-1.7152 -1.746,-1.9479 -4.1643,-1.0619 -7.1907,2.6346 -11.091,3.1698 -16.265,2.2325 z m 54.169,-0.57793 c -3.6368,-1.2974 -5.3006,-4.3597 -4.5133,-8.3063 0.13348,-0.66911 0.76938,-1.5797 1.875,-2.6849 1.8675,-1.8668 6.1623,-4.1231 12.848,-6.7499 l 3.675,-1.4439 0,-4.6056 c 0,-4.4899 -0.0185,-4.6241 -0.73636,-5.3419 -0.60787,-0.60787 -1.0318,-0.73636 -2.4297,-0.73636 -3.2258,0 -4.4698,1.1045 -6.4424,5.7196 -1.3105,3.0662 -2.0473,4.0471 -3.507,4.669 -3.5203,1.5 -5.6397,-1.64 -3.3947,-5.0294 1.6392,-2.4747 6.8163,-5.6437 10.948,-6.7015 2.1117,-0.54063 5.7748,-0.59783 7.3853,-0.11533 1.5675,0.46964 3.2436,1.9217 3.9088,3.3863 0.50819,1.1189 0.55522,2.1826 0.56125,12.696 0.006,11.26 0.0184,11.487 0.63784,12.106 0.85493,0.85492 2.1012,0.5803 3.6286,-0.7996 1.1738,-1.0605 1.7366,-1.1925 1.9793,-0.4644 0.19494,0.58484 -2.8049,3.2978 -4.5398,4.1055 -3.3709,1.5695 -6.5611,0.36464 -7.5058,-2.8348 l -0.36204,-1.2262 -1.4908,1.0696 c -4.4006,3.1573 -9.2919,4.4411 -12.525,3.2875 z m 9.0588,-3.1795 c 1.0582,-0.50062 2.577,-1.3895 3.375,-1.9753 l 1.4509,-1.0651 0,-5.5244 c 0,-3.0384 -0.0777,-5.5244 -0.17261,-5.5244 -0.75043,0 -6.8356,2.71 -8.3178,3.7043 -2.5598,1.7172 -3.348,3.1803 -3.3377,6.1957 0.0165,4.8227 2.5099,6.3145 7.0022,4.1893 z m 92.235,3.2719 c -1.0126,-0.14563 -2.6326,-0.50564 -3.6,-0.80003 l -1.759,-0.53525 -0.082,-5.516 c -0.083,-5.5865 0.0876,-6.6235 0.93712,-5.6971 0.22048,0.24043 0.76398,1.4581 1.2078,2.7059 1.4286,4.0166 4.1867,7.2477 7.0072,8.2087 2.0655,0.70379 4.7679,0.61108 6.2238,-0.21352 1.5581,-0.88246 2.5447,-2.6243 2.5512,-4.5038 0.01,-2.8605 -1.2831,-4.0365 -7.3634,-6.6973 -2.0522,-0.89806 -4.2376,-1.9218 -4.8565,-2.275 -3.6411,-2.0781 -5.2821,-4.4821 -5.2821,-7.7378 0,-3.4087 1.9112,-6.1111 5.476,-7.7431 2.988,-1.368 8.7849,-1.2477 13.456,0.27913 l 1.875,0.61289 0,4.7578 c 0,5.9281 -0.34908,6.403 -1.7967,2.4443 -0.94206,-2.5762 -2.7154,-5.2387 -4.2107,-6.3219 -3.511,-2.5434 -8.3962,-1.5585 -9.3219,1.8793 -0.84828,3.1503 0.61176,4.8644 6.6224,7.7747 6.9962,3.3875 8.8133,4.6896 10.12,7.2521 0.6564,1.2868 0.73916,1.7678 0.61945,3.6 -0.29092,4.453 -3.1281,7.3378 -8.2937,8.4327 -2.1844,0.46301 -6.6552,0.50675 -9.5304,0.09324 z m 35.908,0.0117 c -2.5696,-0.50387 -5.6436,-2.2372 -7.7995,-4.3978 -5.8911,-5.904 -6.3763,-14.933 -1.1563,-21.517 3.0309,-3.8228 7.3384,-5.8582 12.397,-5.8582 8.353,0 15.147,6.5072 15.661,15 0.19602,3.2375 -0.25158,5.3947 -1.7338,8.3561 -3.162,6.3174 -10.339,9.7952 -17.369,8.4167 z m 6.0689,-1.9474 c 1.735,-0.59119 3.684,-2.4887 4.5968,-4.4755 2.1919,-4.7707 2.4563,-11.635 0.65993,-17.132 -1.3389,-4.0972 -4.25,-6.424 -8.0213,-6.4114 -5.8019,0.01939 -9.0392,5.0007 -9.0616,13.943 -0.0202,8.0295 2.3328,12.869 6.9385,14.27 1.2766,0.38834 3.429,0.3028 4.8877,-0.19423 z m -168.09,1.723 c -0.49512,-0.16512 -0.33815,-1.2093 0.22515,-1.4977 0.28875,-0.14785 1.0506,-0.34976 1.693,-0.44867 0.64241,-0.09892 1.4862,-0.47873 1.875,-0.84403 l 0.70698,-0.66418 0,-20.021 0,-20.021 -0.91275,-0.76803 C 50.6209,5.36209 49.74098,5.00766 48.80348,4.8833 c -2.3843,-0.31629 -2.7902,-1.422 -0.65697,-1.7894 1.9426,-0.33462 5.6069,-1.2973 7.8993,-2.0753 1.2184,-0.41348 2.2489,-0.75272 2.2902,-0.75387 0.0412,-0.00115 0.075,10.195 0.075,22.658 0,25.625 -0.10068,24.453 2.1518,25.041 2.6827,0.7005 2.7977,0.75733 2.8941,1.4301 0.0527,0.36793 -0.0148,0.67964 -0.15,0.69268 -0.85889,0.08286 -15.453,0.1073 -15.696,0.02628 z m 54.269,-0.23698 c -0.49633,-0.59815 0.06,-1.292 1.1847,-1.4776 0.60282,-0.09947 1.4727,-0.32425 1.933,-0.49951 1.7173,-0.65384 1.713,-0.62346 1.713,-12.176 l 0,-10.606 -0.85123,-0.85123 c -0.58105,-0.58105 -1.2999,-0.91851 -2.2649,-1.0632 -1.51,-0.22644 -2.5206,-0.92273 -2.0387,-1.4046 0.15609,-0.1561 1.751,-0.59602 3.5443,-0.97761 1.7933,-0.38159 4.2628,-1.0456 5.4878,-1.4755 1.225,-0.42992 2.2713,-0.78168 2.325,-0.78168 0.0537,0 0.10077,1.9238 0.10451,4.275 l 0.007,4.275 0.97058,-1.8 c 1.5177,-2.8147 2.9166,-4.594 4.3672,-5.5548 1.5704,-1.0402 2.8131,-1.323 4.9226,-1.1203 2.1508,0.20666 3.226,1.3908 3.226,3.5529 0,1.2782 -0.13871,1.6571 -0.87692,2.3953 -1.1637,1.1637 -3.198,1.2124 -4.9731,0.1191 -3.4928,-2.1513 -6.3552,0.82965 -7.3531,7.6578 -0.37808,2.5869 -0.37718,13.25 10e-4,14.245 0.31431,0.8267 1.8583,1.655 3.0849,1.655 1.0886,0 1.9365,0.75128 1.5537,1.3767 -0.28142,0.45975 -1.1003,0.51494 -8.0506,0.54257 -5.3927,0.02145 -7.822,-0.07135 -8.0169,-0.30622 z m 27.387,0.0054 c -0.81782,-0.59794 -0.16427,-1.2534 1.6189,-1.6236 1.0398,-0.21585 1.9906,-0.63314 2.4191,-1.0616 l 0.70595,-0.706 0,-19.837 0,-19.837 -0.85123,-0.85123 c -0.5675,-0.56751 -1.3009,-0.91866 -2.2004,-1.0535 -3.154,-0.47297 -2.722,-1.3501 1.0997,-2.2333 1.595,-0.36856 4.062,-1.0629 5.4822,-1.543 1.4202,-0.48007 2.6244,-0.87285 2.676,-0.87285 0.0515,0 0.0937,7.7622 0.0937,17.249 l 0,17.249 3.375,-2.6188 c 6.0367,-4.6841 8.3486,-7.5235 7.8763,-9.6738 -0.25867,-1.1777 -0.81459,-1.5672 -2.8041,-1.9645 -1.3563,-0.27082 -1.6972,-0.45464 -1.6972,-0.91518 0,-0.55042 0.32821,-0.5799 7.3127,-0.65671 7.2436,-0.07966 8.3482,0.04756 8.0548,0.92769 -0.0563,0.16897 -0.94402,0.47889 -1.9726,0.68872 -2.2852,0.46614 -3.6809,1.4523 -7.4789,5.2844 l -2.784,2.809 5.3713,9.2735 c 2.9542,5.1004 5.6648,9.4684 6.0235,9.7066 0.35871,0.23817 1.3544,0.59057 2.2127,0.78311 1.2391,0.27797 1.5802,0.4847 1.6564,1.0038 0.056,0.38161 -0.0689,0.6642 -0.3,0.67892 -0.46416,0.02958 -15.589,0.02484 -15.921,-0.005 -0.12375,-0.01113 -0.225,-0.29312 -0.225,-0.62666 0,-0.66437 0.71766,-1.0527 2.4714,-1.3374 1.2633,-0.20504 1.8772,-1.0126 1.5529,-2.0425 -0.22248,-0.70659 -6.8833,-12.793 -7.2552,-13.165 -0.12105,-0.12105 -1.4075,0.68463 -2.8588,1.7904 l -2.6387,2.0105 0.0892,5.0522 c 0.10311,5.8395 0.1236,5.8822 3.1177,6.5038 1.6689,0.34647 2.2973,0.9383 1.6663,1.5693 -0.46505,0.46505 -15.257,0.50523 -15.889,0.04315 z m 104.34,0.23162 c -0.49512,-0.16512 -0.33815,-1.2093 0.22515,-1.4977 0.28875,-0.14785 1.0506,-0.34976 1.693,-0.44867 0.64241,-0.09892 1.4862,-0.47873 1.875,-0.84403 l 0.70698,-0.66418 0,-10.831 c 0,-9.2567 -0.067,-10.927 -0.46098,-11.489 -0.4189,-0.59806 -1.0292,-0.84138 -3.514,-1.401 -0.5472,-0.12324 -0.825,-0.37875 -0.825,-0.75881 0,-0.45838 0.34509,-0.64066 1.725,-0.91114 1.4546,-0.28513 7.4257,-2.0206 8.9044,-2.588 0.37707,-0.14469 0.46273,0.31182 0.53479,2.8502 l 0.0858,3.0225 2.5116,-1.7963 c 1.3814,-0.98794 3.516,-2.2926 4.7435,-2.8993 1.9038,-0.9409 2.6045,-1.1226 4.7675,-1.2361 3.0189,-0.15845 4.7415,0.25476 6.2518,1.4996 2.1599,1.7803 2.1088,1.4493 2.2756,14.745 l 0.15,11.952 0.68437,0.55377 c 0.37641,0.30457 1.4312,0.70882 2.3441,0.89833 1.6716,0.34703 2.2493,0.88764 1.6807,1.5729 -0.40528,0.48842 -15.528,0.47253 -16.017,-0.01683 -0.64762,-0.64762 0.0283,-1.2259 1.8521,-1.5848 3.14,-0.61778 3.0059,-0.06 3.0059,-12.497 0,-8.9741 -0.0726,-10.792 -0.46358,-11.616 -0.6751,-1.4227 -1.6494,-1.8159 -4.4603,-1.8003 -2.9058,0.01616 -4.9433,0.82503 -7.7098,3.0609 l -1.764,1.4256 -10e-4,9.3846 c -0.001,10.93 0.0513,11.218 2.1506,11.766 2.6827,0.7005 2.7977,0.75733 2.8941,1.4301 0.0527,0.36793 -0.0148,0.67964 -0.15,0.69268 -0.85888,0.08286 -15.453,0.1073 -15.696,0.02628 z"
                    inkscape:connector-curvature="0" />
                <g style="fill:#fcd116" id="g4158">
                    <path id="path4134" d="m 50.757,172.04 c -0.84842,-0.15356 -1.6796,-0.6732 -2.2855,-1.4289 -1.3489,-1.6823 -1.7074,-4.5294 -1.0099,-8.0201 1.044,-5.2249 4.295,-9.2115 8.1341,-9.9748 0.94177,-0.18722 1.4923,-0.20873 2.6029,-0.1017 1.3196,0.12717 1.3113,0.12743 1.3489,-0.0424 0.01704,-0.077 0.22852,-1.2171 0.46994,-2.5336 0.65551,-3.5747 1.0242,-5.1734 1.2094,-5.2444 0.13382,-0.0513 1.2691,-0.20961 2.0938,-0.29188 0.80333,-0.0801 1.8165,-0.0622 1.9117,0.0339 0.0877,0.0885 -0.17895,1.5818 -1.9207,10.756 -1.339,7.0528 -2.1316,11.378 -2.4554,13.399 -0.38912,2.4283 -0.4434,2.66 -0.66661,2.8452 -0.04597,0.0382 -0.47449,0.0987 -0.95226,0.13454 -0.47777,0.0358 -1.1848,0.12478 -1.5712,0.19765 -0.38638,0.0729 -0.72034,0.11467 -0.74213,0.0929 -0.02179,-0.0218 0.0061,-0.68874 0.06188,-1.4821 0.05582,-0.79338 0.08893,-1.4551 0.07358,-1.4704 -0.01535,-0.0154 -0.38456,0.3343 -0.82047,0.777 -1.3851,1.4067 -2.5668,2.1072 -3.9797,2.3591 -0.58783,0.10481 -0.90295,0.10384 -1.5023,-0.005 z m 3.7568,-3.3509 c 0.49914,-0.24144 1.4727,-1.2104 1.8165,-1.8081 0.67994,-1.1818 1.074,-2.6222 1.718,-6.2796 0.44942,-2.5525 0.55464,-3.3034 0.56192,-4.0102 0.01,-0.96845 -0.18852,-1.178 -1.1642,-1.229 -1.1375,-0.0595 -1.9585,0.28109 -2.8782,1.194 -1.1583,1.1498 -2.0048,2.8029 -2.5331,4.9468 -0.30104,1.2217 -0.40338,1.9663 -0.48838,3.5532 -0.10834,2.0226 -0.0076,2.4524 0.756,3.2264 0.49327,0.49998 0.77781,0.62193 1.4031,0.60137 0.33309,-0.0109 0.52277,-0.0566 0.80827,-0.19475 z"
                        inkscape:connector-curvature="0" />
                    <path id="path4136" d="m 70.256,171.5 c -1.6651,-0.1374 -3.1552,-0.61628 -3.997,-1.2845 -0.86577,-0.68728 -1.5373,-2.0494 -1.8359,-3.724 -0.18576,-1.0418 -0.18635,-2.8134 -0.0013,-4.0324 0.48618,-3.2033 1.7963,-5.9814 3.7352,-7.9203 1.5329,-1.5329 3.0071,-2.1953 5.2625,-2.3644 2.5826,-0.19367 4.0375,0.49282 4.996,2.3575 0.50092,0.9744 0.59518,1.3315 0.59082,2.2383 -0.01535,3.1921 -1.9487,5.3299 -5.7062,6.3095 -0.93325,0.2433 -1.4452,0.33426 -3.15,0.55969 -0.66682,0.0882 -1.2893,0.17568 -1.3834,0.19446 l -0.17098,0.0341 0,1.0096 c 0,1.5041 0.11309,1.7846 1.1204,2.779 0.84242,0.83165 1.243,0.96591 2.7034,0.90596 1.0813,-0.0444 1.9543,-0.20123 2.9832,-0.53597 0.4377,-0.1424 0.81788,-0.23626 0.84484,-0.20858 0.04307,0.0442 0.29072,1.527 0.40453,2.422 l 0.04068,0.31992 -0.34025,0.0989 c -1.95,0.56688 -2.8337,0.74692 -4.1506,0.84564 -0.92346,0.0692 -1.0569,0.0689 -1.9459,-0.004 z m 0.14288,-10.779 c 0.93647,-0.14242 2.0167,-0.44138 2.58,-0.71404 2.1103,-1.0215 2.9029,-3.1009 1.6568,-4.347 -0.42131,-0.42131 -0.70244,-0.5358 -1.3178,-0.53666 -0.49316,-6.9e-4 -0.56715,0.0168 -1.0206,0.24089 -0.942,0.46556 -1.9484,1.633 -2.6078,3.0252 -0.31311,0.66106 -0.7206,1.8287 -0.7206,2.0649 0,0.34732 0.40415,0.42269 1.43,0.26668 z"
                        inkscape:connector-curvature="0" />
                    <path id="path4138" d="m 81.622,171.78 c -0.47444,-0.065 -0.65283,-0.14382 -0.65283,-0.28858 0,-0.19871 0.27801,-1.7003 1.5845,-8.5582 0.62865,-3.2999 1.1877,-6.2516 1.2423,-6.5594 0.05464,-0.30776 0.11309,-0.62296 0.12988,-0.70045 0.04706,-0.2171 -0.18437,-0.27035 -1.3879,-0.31938 -1.3455,-0.0548 -1.3244,-0.0416 -1.1709,-0.73353 0.05917,-0.26671 0.12403,-0.73192 0.14413,-1.0338 0.04924,-0.73949 0.09472,-0.79011 0.76772,-0.85434 0.2884,-0.0275 0.79806,-0.0518 1.1326,-0.054 0.61663,-0.004 0.93473,-0.0824 1.0891,-0.26858 0.04443,-0.0536 0.17559,-0.4566 0.29146,-0.89562 0.73139,-2.771 1.8908,-4.7086 3.612,-6.0365 1.1014,-0.8497 2.6235,-1.2104 5.1554,-1.2217 1.7098,-0.008 1.6802,-0.0187 1.6268,0.60686 -0.03955,0.46322 -0.34969,1.6618 -0.51047,1.9727 -0.16226,0.31378 -0.3138,0.36548 -1.2471,0.42548 -0.92885,0.0597 -1.668,0.24394 -2.1817,0.54377 -0.97791,0.57077 -2.1437,2.5929 -2.2391,3.8838 -0.07362,0.99637 -0.09708,0.98596 2.2222,0.98596 1.6344,0 1.7451,0.007 1.7158,0.10881 -0.0772,0.2684 -0.29165,1.4552 -0.33424,1.8497 -0.06957,0.64443 -0.09905,0.65456 -2.0884,0.71763 -1.6183,0.0513 -1.9333,0.0972 -2.1255,0.30954 -0.1399,0.15459 -0.24898,0.67743 -1.8028,8.641 -0.66389,3.4025 -1.2531,6.3893 -1.3093,6.6374 -0.13148,0.57982 -0.25354,0.73309 -0.65185,0.81851 -0.29294,0.0628 -2.5928,0.0804 -3.0118,0.023 z"
                        inkscape:connector-curvature="0" />
                    <path id="path4180" d="m 92.255,179.56 c -0.83181,-1.4898 -1.3048,-2.2164 -1.4866,-2.2836 -0.06016,-0.0222 0.36984,-0.34752 1.7622,-1.333 1.4062,-0.99525 2.1399,-1.5508 3.1025,-2.3489 0.6934,-0.57493 1.4053,-1.1923 1.582,-1.3719 0.30488,-0.30993 0.31905,-0.33328 0.27741,-0.45727 -0.10335,-0.30773 -0.37656,-2.177 -1.3723,-9.3893 -0.64598,-4.6789 -1.0116,-7.2525 -1.1728,-8.2552 -0.14723,-0.91595 -0.14675,-0.92444 0.05709,-1.0168 0.14697,-0.0666 0.36332,-0.0751 1.9114,-0.0751 1.8752,0 2.0126,0.0138 2.222,0.22321 0.06188,0.0619 0.13409,0.20601 0.16048,0.3203 0.08914,0.38609 0.24911,2.6525 0.51222,7.2568 0.22503,3.9379 0.38588,6.2681 0.44615,6.4634 0.0375,0.12151 0.13406,0.0908 0.20838,-0.0663 0.0374,-0.079 0.19764,-0.51306 0.35616,-0.96458 0.2796,-0.79642 2.3154,-6.4475 3.9672,-11.012 l 0.8116,-2.2429 2.1766,0 c 1.1971,0 2.1766,0.0165 2.1766,0.0367 0,0.18883 -5.3427,12.131 -7.4619,16.679 -0.98706,2.1183 -1.9682,3.7812 -3.1886,5.404 -1.9099,2.5397 -3.7901,4.207 -5.7298,5.0808 -0.84917,0.38255 -0.70314,0.45422 -1.3179,-0.64683 z"
                        inkscape:connector-curvature="0" />
                </g>
            </g>
        </svg>
    </a>
    <h1 class="top_head">
        <a href="http://libguides.library.clarkson.edu">Clarkson University Libraries</a>
    </h1>
</header>